0 1.12189e-14 2.9 0 171.236
0.1 0.159888 2.90003 0.00760156 171.236
0.2 0.31977 2.90014 0.0152031 171.236
0.3 0.479641 2.90033 0.0228046 171.235
0.4 0.639497 2.90059 0.030406 171.235
0.5 0.799331 2.90092 0.0380074 171.235
0.6 0.959139 2.90132 0.0456087 171.234
0.7 1.11891 2.9018 0.0532099 171.234
0.8 1.27865 2.90235 0.0608109 171.233
0.9 1.43835 2.90298 0.0684118 171.233
1 1.598 2.90368 0.0760126 171.232
1.1 1.75759 2.90445 0.0836131 171.231
1.2 1.91713 2.9053 0.0912135 171.23
1.3 2.0766 2.90622 0.0988137 171.229
1.4 2.236 2.90721 0.106414 171.228
1.5 2.39533 2.90828 0.114013 171.227
1.6 2.55458 2.90942 0.121613 171.226
1.7 2.71374 2.91064 0.129212 171.225
1.8 2.87282 2.91193 0.136811 171.224
1.9 3.0318 2.91329 0.144409 171.222
2 3.19068 2.91473 0.152007 171.221
2.1 3.34945 2.91624 0.159605 171.219
2.2 3.50811 2.91782 0.167202 171.218
2.3 3.66666 2.91948 0.174799 171.216
2.4 3.82508 2.92121 0.182396 171.214
2.5 3.98338 2.92301 0.189992 171.213
2.6 4.14155 2.92489 0.197588 171.211
2.7 4.29958 2.92684 0.205183 171.209
2.8 4.45747 2.92886 0.212777 171.207
2.9 4.61521 2.93096 0.220372 171.205
3 4.7728 2.93313 0.227965 171.203
3.1 4.93023 2.93538 0.235558 171.2
3.2 5.08751 2.9377 0.243151 171.198
3.3 5.24462 2.94009 0.250743 171.196
3.4 5.40155 2.94256 0.258334 171.193
3.5 5.55831 2.9451 0.265925 171.191
3.6 5.71489 2.94771 0.273515 171.188
3.7 5.87128 2.95039 0.281105 171.185
3.8 6.02748 2.95315 0.288694 171.183
3.9 6.18349 2.95599 0.296282 171.18
4 6.3393 2.9589 0.303869 171.177
4.1 6.4949 2.96188 0.311456 171.174
4.2 6.65029 2.96493 0.319042 171.171
4.3 6.80547 2.96806 0.326627 171.168
4.4 6.96043 2.97126 0.334212 171.164
4.5 7.11516 2.97453 0.341795 171.161
4.6 7.26967 2.97788 0.349378 171.158
4.7 7.42394 2.9813 0.35696 171.154
4.8 7.57798 2.9848 0.364541 171.151
4.9 7.73178 2.98836 0.372122 171.147
5 7.88533 2.992 0.379701 171.144
5.1 8.03863 2.99572 0.387279 171.14
5.2 8.19167 2.99951 0.394857 171.136
5.3 8.34446 3.00337 0.402434 171.132
5.4 8.49698 3.0073 0.410009 171.128
5.5 8.64923 3.01131 0.417584 171.124
5.6 8.80122 3.01539 0.425158 171.12
5.7 8.95292 3.01955 0.43273 171.116
5.8 9.10435 3.02378 0.440302 171.112
5.9 9.25549 3.02808 0.447873 171.108
6 9.40635 3.03245 0.455442 171.103
6.1 9.55691 3.0369 0.463011 171.099
6.2 9.70717 3.04142 0.470578 171.094
6.3 9.85714 3.04601 0.478144 171.09
6.4 10.0068 3.05068 0.485709 171.085
6.5 10.1562 3.05542 0.493273 171.08
6.6 10.3052 3.06024 0.500836 171.075
6.7 10.4539 3.06512 0.508398 171.071
6.8 10.6023 3.07008 0.515958 171.066
6.9 10.7504 3.07512 0.523517 171.061
7 10.8982 3.08022 0.531075 171.055
7.1 11.0456 3.0854 0.538632 171.05
7.2 11.1927 3.09066 0.546187 171.045
7.3 11.3394 3.09598 0.553741 171.04
7.4 11.4858 3.10138 0.561294 171.034
7.5 11.6319 3.10685 0.568845 171.029
7.6 11.7776 3.1124 0.576395 171.023
7.7 11.923 3.11801 0.583944 171.018
7.79999 12.068 3.1237 0.591491 171.012
7.89999 12.2127 3.12947 0.599037 171.006
7.99999 12.357 3.1353 0.606581 171
8.09999 12.5009 3.14121 0.614124 170.994
8.2 12.6445 3.1472 0.621666 170.988
8.3 12.7877 3.15325 0.629206 170.982
8.4 12.9305 3.15938 0.636744 170.976
8.5 13.0729 3.16558 0.644281 170.97
8.6 13.215 3.17186 0.651817 170.964
8.7 13.3567 3.1782 0.659351 170.957
8.8 13.498 3.18462 0.666883 170.951
8.9 13.6389 3.19111 0.674414 170.945
9 13.7794 3.19768 0.681943 170.938
9.1 13.9195 3.20432 0.68947 170.931
9.2 14.0593 3.21103 0.696996 170.925
9.3 14.1986 3.21781 0.704521 170.918
9.4 14.3375 3.22467 0.712043 170.911
9.5 14.4761 3.2316 0.719564 170.904
9.6 14.6142 3.2386 0.727083 170.897
9.7 14.7519 3.24567 0.734601 170.89
9.8 14.8892 3.25282 0.742116 170.883
9.9 15.0261 3.26004 0.74963 170.876
10 15.1625 3.26733 0.757142 170.868
10.1 15.2986 3.27469 0.764652 170.861
10.2 15.4342 3.28213 0.772161 170.854
10.3 15.5694 3.28964 0.779667 170.846
10.4 15.7042 3.29722 0.787172 170.838
10.5 15.8386 3.30488 0.794675 170.831
10.6 15.9725 3.3126 0.802176 170.823
10.7 16.106 3.3204 0.809675 170.815
10.8 16.2391 3.32827 0.817172 170.807
10.9 16.3717 3.33622 0.824667 170.799
11 16.5039 3.34423 0.832161 170.791
11.1 16.6356 3.35232 0.839652 170.783
11.2 16.7669 3.36048 0.847141 170.775
11.3 16.8978 3.36872 0.854628 170.767
11.4 17.0282 3.37702 0.862113 170.759
11.5 17.1582 3.3854 0.869596 170.75
11.6 17.2877 3.39385 0.877077 170.742
11.7 17.4168 3.40237 0.884556 170.733
11.8 17.5455 3.41096 0.892033 170.725
11.9 17.6736 3.41963 0.899508 170.716
12 17.8014 3.42837 0.90698 170.707
12.1 17.9286 3.43718 0.914451 170.698
12.2 18.0555 3.44606 0.921919 170.69
12.3 18.1818 3.45501 0.929385 170.681
12.4 18.3077 3.46404 0.936848 170.672
12.5 18.4331 3.47314 0.94431 170.663
12.6 18.5581 3.48231 0.951769 170.653
12.7 18.6826 3.49155 0.959226 170.644
12.8 18.8067 3.50086 0.966681 170.635
12.9 18.9303 3.51025 0.974133 170.625
13 19.0534 3.5197 0.981583 170.616
13.1 19.176 3.52923 0.989031 170.606
13.2 19.2982 3.53883 0.996476 170.597
13.3 19.4199 3.54851 1.00392 170.587
13.4 19.5412 3.55825 1.01136 170.577
13.5 19.662 3.56807 1.0188 170.568
13.6 19.7823 3.57795 1.02623 170.558
13.7 19.9021 3.58791 1.03367 170.548
13.8 20.0215 3.59794 1.0411 170.538
13.9 20.1403 3.60804 1.04853 170.528
14 20.2587 3.61822 1.05595 170.517
14.1 20.3767 3.62846 1.06337 170.507
14.2 20.4941 3.63878 1.0708 170.497
14.3 20.6111 3.64917 1.07821 170.487
14.4 20.7276 3.65963 1.08563 170.476
14.5 20.8437 3.67016 1.09304 170.466
14.6 20.9592 3.68076 1.10045 170.455
14.7 21.0743 3.69143 1.10786 170.444
14.8 21.1889 3.70218 1.11526 170.433
14.9 21.303 3.71299 1.12267 170.423
15 21.4166 3.72388 1.13007 170.412
15.1 21.5298 3.73484 1.13746 170.401
15.2 21.6424 3.74587 1.14486 170.39
15.3 21.7546 3.75697 1.15225 170.379
15.4 21.8663 3.76814 1.15964 170.368
15.5 21.9776 3.77938 1.16702 170.356
15.6 22.0883 3.79069 1.17441 170.345
15.7 22.1986 3.80208 1.18179 170.334
15.8 22.3084 3.81353 1.18916 170.322
15.9 22.4177 3.82506 1.19654 170.311
16 22.5265 3.83665 1.20391 170.299
16.1 22.6348 3.84832 1.21128 170.287
16.2 22.7427 3.86006 1.21865 170.276
16.3 22.8501 3.87187 1.22601 170.264
16.4 22.957 3.88375 1.23337 170.252
16.5 23.0634 3.8957 1.24073 170.24
16.6 23.1693 3.90772 1.24808 170.228
16.7 23.2748 3.91981 1.25543 170.216
16.8 23.3797 3.93197 1.26278 170.204
16.9 23.4842 3.9442 1.27012 170.191
17 23.5883 3.95651 1.27747 170.179
17.1 23.6918 3.96888 1.28481 170.167
17.2 23.7948 3.98133 1.29214 170.154
17.3 23.8974 3.99384 1.29947 170.142
17.4 23.9995 4.00642 1.3068 170.129
17.5 24.1011 4.01908 1.31413 170.117
17.6 24.2022 4.0318 1.32145 170.104
17.7 24.3029 4.0446 1.32877 170.091
17.8 24.4031 4.05746 1.33609 170.078
17.9 24.5028 4.0704 1.3434 170.065
18 24.602 4.08341 1.35071 170.052
18.1 24.7007 4.09648 1.35802 170.039
18.2 24.799 4.10963 1.36533 170.026
18.3 24.8968 4.12284 1.37263 170.013
18.4 24.9941 4.13613 1.37992 170
18.5 25.091 4.14948 1.38722 169.986
18.6 25.1873 4.16291 1.39451 169.973
18.7 25.2832 4.1764 1.4018 169.959
18.8 25.3787 4.18997 1.40908 169.946
18.9 25.4736 4.2036 1.41636 169.932
19 25.5681 4.21731 1.42364 169.918
19.1 25.6621 4.23108 1.43091 169.905
19.2 25.7556 4.24493 1.43818 169.891
19.3 25.8487 4.25884 1.44545 169.877
19.4 25.9413 4.27282 1.45271 169.863
19.5 26.0335 4.28687 1.45997 169.849
19.6 26.1251 4.301 1.46723 169.835
19.7 26.2163 4.31519 1.47448 169.82
19.8 26.3071 4.32945 1.48173 169.806
19.9 26.3973 4.34378 1.48898 169.792
20 26.4871 4.35817 1.49622 169.777
20.1 26.5765 4.37264 1.50346 169.763
20.2 26.6654 4.38718 1.51069 169.748
20.3 26.7538 4.40179 1.51793 169.734
20.4 26.8417 4.41646 1.52515 169.719
20.5 26.9292 4.43121 1.53238 169.704
20.6 27.0163 4.44602 1.5396 169.69
20.7 27.1029 4.4609 1.54681 169.675
20.8 27.189 4.47585 1.55403 169.66
20.9 27.2747 4.49087 1.56124 169.645
21 27.3599 4.50596 1.56844 169.63
21.1 27.4446 4.52112 1.57564 169.615
21.2 27.529 4.53635 1.58284 169.599
21.3 27.6128 4.55164 1.59003 169.584
21.4 27.6962 4.56701 1.59722 169.569
21.5 27.7792 4.58244 1.60441 169.553
21.6 27.8617 4.59794 1.61159 169.538
21.7 27.9438 4.61351 1.61877 169.522
21.8 28.0254 4.62915 1.62595 169.507
21.9 28.1065 4.64485 1.63312 169.491
22 28.1873 4.66063 1.64028 169.475
22.1 28.2675 4.67647 1.64745 169.459
22.2 28.3474 4.69238 1.6546 169.443
22.3 28.4268 4.70836 1.66176 169.427
22.4 28.5057 4.72441 1.66891 169.411
22.5 28.5843 4.74052 1.67606 169.395
22.6 28.6623 4.75671 1.6832 169.379
22.7001 28.74 4.77296 1.69034 169.363
22.8001 28.8172 4.78928 1.69747 169.346
22.9001 28.894 4.80566 1.7046 169.33
23.0001 28.9703 4.82212 1.71173 169.314
23.1001 29.0462 4.83864 1.71885 169.297
23.2001 29.1217 4.85523 1.72597 169.28
23.3001 29.1967 4.87189 1.73308 169.264
23.4001 29.2713 4.88862 1.74019 169.247
23.5001 29.3455 4.90541 1.7473 169.23
23.6001 29.4193 4.92227 1.7544 169.213
23.7001 29.4926 4.9392 1.7615 169.196
23.8001 29.5656 4.9562 1.76859 169.179
23.9001 29.6381 4.97326 1.77568 169.162
24.0001 29.7101 4.99039 1.78276 169.145
24.1001 29.7818 5.00759 1.78984 169.128
24.2001 29.853 5.02485 1.79692 169.111
24.3001 29.9238 5.04219 1.80399 169.093
24.4001 29.9942 5.05959 1.81105 169.076
24.5001 30.0642 5.07705 1.81812 169.059
24.6001 30.1338 5.09459 1.82517 169.041
24.7001 30.203 5.11219 1.83223 169.023
24.8001 30.2717 5.12986 1.83928 169.006
24.9001 30.34 5.14759 1.84632 168.988
25.0001 30.408 5.16539 1.85336 168.97
25.1001 30.4755 5.18326 1.8604 168.952
25.2001 30.5426 5.20119 1.86743 168.934
25.3001 30.6093 5.2192 1.87445 168.916
25.4001 30.6756 5.23726 1.88147 168.898
25.5001 30.7416 5.2554 1.88849 168.88
25.6001 30.8071 5.2736 1.8955 168.862
25.7001 30.8722 5.29187 1.90251 168.844
25.8001 30.9369 5.3102 1.90952 168.825
25.9001 31.0012 5.3286 1.91652 168.807
26.0001 31.0651 5.34707 1.92351 168.789
26.1001 31.1286 5.3656 1.9305 168.77
26.2001 31.1918 5.3842 1.93748 168.751
26.3001 31.2545 5.40286 1.94446 168.733
26.4001 31.3168 5.42159 1.95144 168.714
26.5001 31.3788 5.44039 1.95841 168.695
26.6001 31.4404 5.45925 1.96538 168.676
26.7001 31.5016 5.47818 1.97234 168.657
26.8001 31.5624 5.49718 1.97929 168.638
26.9001 31.6228 5.51624 1.98624 168.619
27.0001 31.6828 5.53536 1.99319 168.6
27.1001 31.7425 5.55455 2.00013 168.581
27.2001 31.8017 5.57381 2.00707 168.562
27.3001 31.8606 5.59313 2.014 168.543
27.4001 31.9192 5.61252 2.02093 168.523
27.5001 31.9773 5.63198 2.02785 168.504
27.6001 32.0351 5.65149 2.03477 168.484
27.7001 32.0925 5.67108 2.04168 168.465
27.8001 32.1495 5.69073 2.04859 168.445
27.9001 32.2061 5.71044 2.05549 168.425
28.0001 32.2624 5.73022 2.06239 168.405
28.1001 32.3183 5.75007 2.06928 168.386
28.2001 32.3739 5.76998 2.07617 168.366
28.3001 32.4291 5.78995 2.08305 168.346
28.4001 32.4839 5.80999 2.08993 168.326
28.5001 32.5384 5.83009 2.0968 168.306
28.6001 32.5925 5.85026 2.10367 168.285
28.7001 32.6462 5.8705 2.11053 168.265
28.8001 32.6996 5.89079 2.11738 168.245
28.9001 32.7526 5.91116 2.12423 168.225
29.0001 32.8053 5.93158 2.13108 168.204
29.1001 32.8576 5.95207 2.13792 168.184
29.2001 32.9096 5.97263 2.14476 168.163
29.3001 32.9612 5.99325 2.15159 168.142
29.4001 33.0124 6.01393 2.15841 168.122
29.5001 33.0634 6.03468 2.16523 168.101
29.6001 33.1139 6.0555 2.17205 168.08
29.7001 33.1641 6.07637 2.17886 168.059
29.8001 33.214 6.09731 2.18566 168.038
29.9001 33.2635 6.11832 2.19246 168.017
30.0001 33.3127 6.13939 2.19925 167.996
30.1001 33.3616 6.16052 2.20604 167.975
30.2001 33.4101 6.18171 2.21282 167.954
30.3001 33.4583 6.20297 2.2196 167.933
30.4001 33.5061 6.2243 2.22637 167.911
30.5001 33.5536 6.24568 2.23314 167.89
30.6001 33.6007 6.26713 2.2399 167.869
30.7001 33.6476 6.28865 2.24665 167.847
30.8001 33.6941 6.31022 2.2534 167.825
30.9001 33.7402 6.33186 2.26015 167.804
31.0001 33.7861 6.35357 2.26689 167.782
31.1001 33.8316 6.37533 2.27362 167.76
31.2001 33.8768 6.39716 2.28035 167.739
31.3001 33.9216 6.41906 2.28707 167.717
31.4001 33.9662 6.44101 2.29379 167.695
31.5001 34.0104 6.46303 2.3005 167.673
31.6001 34.0542 6.48511 2.3072 167.651
31.7001 34.0978 6.50725 2.3139 167.628
31.8001 34.1411 6.52946 2.3206 167.606
31.9001 34.184 6.55173 2.32728 167.584
32.0001 34.2266 6.57406 2.33397 167.562
32.1001 34.2689 6.59646 2.34064 167.539
32.2001 34.3109 6.61891 2.34731 167.517
32.3001 34.3526 6.64143 2.35398 167.494
32.4001 34.3939 6.66401 2.36064 167.472
32.5001 34.435 6.68665 2.36729 167.449
32.6001 34.4757 6.70936 2.37394 167.426
32.7001 34.5162 6.73213 2.38058 167.404
32.8001 34.5563 6.75495 2.38721 167.381
32.9001 34.5961 6.77785 2.39384 167.358
33.0001 34.6356 6.8008 2.40047 167.335
33.1001 34.6749 6.82381 2.40709 167.312
33.2001 34.7138 6.84689 2.4137 167.289
33.3001 34.7524 6.87003 2.4203 167.266
33.4001 34.7907 6.89323 2.4269 167.242
33.5001 34.8287 6.91649 2.4335 167.219
33.6001 34.8664 6.93981 2.44009 167.196
33.7001 34.9039 6.96319 2.44667 167.172
33.8001 34.941 6.98664 2.45325 167.149
33.9001 34.9778 7.01014 2.45982 167.126
34.0001 35.0144 7.03371 2.46638 167.102
34.1001 35.0506 7.05734 2.47294 167.078
34.2001 35.0866 7.08103 2.47949 167.055
34.3 35.1223 7.10478 2.48604 167.031
34.4 35.1577 7.12859 2.49257 167.007
34.5 35.1928 7.15246 2.49911 166.983
34.6 35.2276 7.17639 2.50564 166.959
34.7 35.2622 7.20039 2.51216 166.935
34.8 35.2964 7.22444 2.51867 166.911
34.9 35.3304 7.24856 2.52518 166.887
35 35.3641 7.27273 2.53168 166.863
35.1 35.3975 7.29696 2.53818 166.839
35.2 35.4307 7.32126 2.54467 166.814
35.3 35.4635 7.34562 2.55115 166.79
35.4 35.4961 7.37003 2.55763 166.766
35.5 35.5284 7.39451 2.5641 166.741
35.6 35.5605 7.41904 2.57057 166.717
35.7 35.5922 7.44364 2.57702 166.692
35.8 35.6237 7.46829 2.58348 166.667
35.9 35.655 7.49301 2.58992 166.643
36 35.6859 7.51778 2.59636 166.618
36.1 35.7166 7.54262 2.60279 166.593
36.2 35.7471 7.56751 2.60922 166.568
36.3 35.7772 7.59246 2.61564 166.543
36.4 35.8071 7.61748 2.62205 166.518
36.5 35.8368 7.64255 2.62846 166.493
36.6 35.8661 7.66768 2.63486 166.468
36.7 35.8953 7.69287 2.64125 166.443
36.8 35.9241 7.71812 2.64764 166.418
36.9 35.9527 7.74343 2.65402 166.392
37 35.9811 7.76879 2.66039 166.367
37.1 36.0091 7.79422 2.66676 166.341
37.2 36.037 7.8197 2.67312 166.316
37.3 36.0645 7.84525 2.67947 166.29
37.4 36.0919 7.87085 2.68582 166.265
37.5 36.1189 7.89651 2.69216 166.239
37.6 36.1458 7.92223 2.6985 166.213
37.7 36.1723 7.948 2.70482 166.188
37.8 36.1986 7.97384 2.71114 166.162
37.9 36.2247 7.99973 2.71746 166.136
38 36.2505 8.02568 2.72376 166.11
38.1 36.2761 8.05169 2.73007 166.084
38.2 36.3015 8.07776 2.73636 166.058
38.3 36.3266 8.10389 2.74265 166.032
38.4 36.3514 8.13007 2.74892 166.006
38.5 36.376 8.15631 2.7552 165.979
38.6 36.4004 8.18261 2.76146 165.953
38.7 36.4245 8.20897 2.76772 165.927
38.8 36.4484 8.23538 2.77398 165.9
38.9 36.4721 8.26185 2.78022 165.874
39 36.4955 8.28838 2.78646 165.847
39.1 36.5187 8.31497 2.79269 165.821
39.2 36.5416 8.34161 2.79891 165.794
39.3 36.5643 8.36831 2.80513 165.767
39.4 36.5868 8.39507 2.81134 165.741
39.5 36.6091 8.42188 2.81755 165.714
39.6 36.6311 8.44875 2.82374 165.687
39.7 36.6529 8.47568 2.82993 165.66
39.8 36.6744 8.50266 2.83611 165.633
39.9 36.6958 8.5297 2.84229 165.606
40 36.7169 8.5568 2.84846 165.579
40.1 36.7378 8.58395 2.85462 165.552
40.2 36.7584 8.61116 2.86077 165.525
40.3 36.7789 8.63843 2.86692 165.497
40.4 36.7991 8.66575 2.87306 165.47
40.5 36.8191 8.69313 2.87919 165.443
40.6 36.8388 8.72056 2.88532 165.415
40.7 36.8584 8.74805 2.89143 165.388
40.7999 36.8777 8.7756 2.89754 165.36
40.8999 36.8968 8.8032 2.90365 165.332
40.9999 36.9157 8.83086 2.90974 165.305
41.0999 36.9344 8.85857 2.91583 165.277
41.1999 36.9529 8.88634 2.92191 165.249
41.2999 36.9711 8.91417 2.92799 165.222
41.3999 36.9892 8.94205 2.93405 165.194
41.4999 37.007 8.96998 2.94011 165.166
41.5999 37.0246 8.99797 2.94616 165.138
41.6999 37.042 9.02602 2.95221 165.11
41.7999 37.0592 9.05412 2.95825 165.082
41.8999 37.0762 9.08227 2.96428 165.053
41.9999 37.093 9.11048 2.9703 165.025
42.0999 37.1096 9.13874 2.97631 164.997
42.1999 37.1259 9.16706 2.98232 164.969
42.2999 37.1421 9.19544 2.98832 164.94
42.3999 37.158 9.22387 2.99431 164.912
42.4999 37.1738 9.25235 3.0003 164.883
42.5999 37.1893 9.28088 3.00627 164.855
42.6999 37.2047 9.30948 3.01224 164.826
42.7999 37.2198 9.33812 3.01821 164.798
42.8999 37.2348 9.36682 3.02416 164.769
42.9999 37.2495 9.39557 3.03011 164.74
43.0999 37.2641 9.42438 3.03605 164.711
43.1999 37.2784 9.45324 3.04198 164.682
43.2999 37.2926 9.48216 3.0479 164.654
43.3999 37.3065 9.51112 3.05382 164.625
43.4999 37.3203 9.54015 3.05973 164.596
43.5999 37.3339 9.56922 3.06563 164.566
43.6999 37.3473 9.59835 3.07152 164.537
43.7999 37.3604 9.62753 3.07741 164.508
43.8999 37.3734 9.65676 3.08328 164.479
43.9999 37.3862 9.68605 3.08915 164.45
44.0999 37.3988 9.71539 3.09501 164.42
44.1999 37.4113 9.74479 3.10087 164.391
44.2999 37.4235 9.77423 3.10671 164.361
44.3999 37.4355 9.80373 3.11255 164.332
44.4999 37.4474 9.83328 3.11838 164.302
44.5999 37.4591 9.86289 3.12421 164.273
44.6999 37.4706 9.89255 3.13002 164.243
44.7999 37.4819 9.92225 3.13583 164.213
44.8999 37.493 9.95202 3.14163 164.184
44.9999 37.5039 9.98183 3.14742 164.154
45.0999 37.5147 10.0117 3.1532 164.124
45.1999 37.5252 10.0416 3.15897 164.094
45.2999 37.5356 10.0716 3.16474 164.064
45.3999 37.5459 10.1016 3.1705 164.034
45.4999 37.5559 10.1317 3.17625 164.004
45.5999 37.5657 10.1618 3.18199 163.974
45.6999 37.5754 10.192 3.18773 163.944
45.7999 37.5849 10.2222 3.19345 163.913
45.8999 37.5942 10.2525 3.19917 163.883
45.9999 37.6034 10.2828 3.20488 163.853
46.0999 37.6124 10.3132 3.21058 163.822
46.1999 37.6212 10.3436 3.21628 163.792
46.2999 37.6298 10.3741 3.22196 163.762
46.3999 37.6383 10.4046 3.22764 163.731
46.4999 37.6465 10.4352 3.23331 163.7
46.5999 37.6546 10.4659 3.23897 163.67
46.6999 37.6626 10.4966 3.24462 163.639
46.7999 37.6704 10.5273 3.25027 163.608
46.8999 37.678 10.5581 3.25591 163.578
46.9999 37.6854 10.5889 3.26153 163.547
47.0999 37.6927 10.6198 3.26715 163.516
47.1999 37.6998 10.6507 3.27276 163.485
47.2999 37.7067 10.6817 3.27837 163.454
47.3998 37.7135 10.7128 3.28396 163.423
47.4998 37.7201 10.7439 3.28955 163.392
47.5998 37.7265 10.775 3.29513 163.361
47.6998 37.7328 10.8062 3.3007 163.329
47.7998 37.7389 10.8374 3.30626 163.298
47.8998 37.7449 10.8687 3.31181 163.267
47.9998 37.7507 10.9 3.31735 163.236
48.0998 37.7563 10.9314 3.32289 163.204
48.1998 37.7618 10.9629 3.32842 163.173
48.2998 37.7671 10.9943 3.33393 163.141
48.3998 37.7722 11.0259 3.33944 163.11
48.4998 37.7772 11.0575 3.34495 163.078
48.5998 37.7821 11.0891 3.35044 163.047
48.6998 37.7868 11.1208 3.35592 163.015
48.7998 37.7913 11.1525 3.3614 162.983
48.8998 37.7957 11.1843 3.36687 162.951
48.9998 37.7999 11.2161 3.37233 162.92
49.0998 37.804 11.248 3.37778 162.888
49.1998 37.8079 11.2799 3.38322 162.856
49.2998 37.8116 11.3119 3.38865 162.824
49.3998 37.8152 11.3439 3.39407 162.792
49.4998 37.8187 11.3759 3.39949 162.76
49.5998 37.822 11.408 3.40489 162.728
49.6998 37.8251 11.4402 3.41029 162.695
49.7998 37.8281 11.4724 3.41568 162.663
49.8998 37.831 11.5047 3.42106 162.631
49.9998 37.8337 11.537 3.42643 162.599
50.0998 37.8363 11.5693 3.4318 162.566
50.1998 37.8387 11.6017 3.43715 162.534
50.2998 37.8409 11.6342 3.44249 162.502
50.3998 37.8431 11.6667 3.44783 162.469
50.4998 37.845 11.6992 3.45316 162.436
50.5998 37.8469 11.7318 3.45848 162.404
50.6998 37.8486 11.7644 3.46378 162.371
50.7998 37.8501 11.7971 3.46909 162.339
50.8998 37.8515 11.8298 3.47438 162.306
50.9998 37.8528 11.8626 3.47966 162.273
51.0998 37.8539 11.8954 3.48493 162.24
51.1998 37.8549 11.9283 3.4902 162.207
51.2998 37.8557 11.9612 3.49545 162.174
51.3998 37.8564 11.9941 3.5007 162.142
51.4998 37.8569 12.0271 3.50594 162.109
51.5998 37.8574 12.0602 3.51117 162.075
51.6998 37.8576 12.0933 3.51638 162.042
51.7998 37.8578 12.1264 3.52159 162.009
51.8998 37.8578 12.1596 3.5268 161.976
51.9998 37.8577 12.1928 3.53199 161.943
52.0998 37.8574 12.2261 3.53717 161.91
52.1998 37.857 12.2594 3.54234 161.876
52.2998 37.8565 12.2928 3.54751 161.843
52.3998 37.8558 12.3262 3.55266 161.809
52.4998 37.855 12.3597 3.55781 161.776
52.5998 37.854 12.3932 3.56295 161.742
52.6998 37.853 12.4267 3.56808 161.709
52.7998 37.8518 12.4603 3.57319 161.675
52.8998 37.8504 12.494 3.5783 161.642
52.9998 37.849 12.5276 3.5834 161.608
53.0998 37.8474 12.5614 3.58849 161.574
53.1998 37.8456 12.5951 3.59358 161.541
53.2998 37.8438 12.6289 3.59865 161.507
53.3998 37.8418 12.6628 3.60371 161.473
53.4998 37.8397 12.6967 3.60876 161.439
53.5998 37.8374 12.7306 3.61381 161.405
53.6998 37.8351 12.7646 3.61884 161.371
53.7998 37.8326 12.7987 3.62387 161.337
53.8997 37.83 12.8327 3.62888 161.303
53.9997 37.8272 12.8669 3.63389 161.269
54.0997 37.8243 12.901 3.63889 161.235
54.1997 37.8213 12.9352 3.64387 161.2
54.2997 37.8182 12.9695 3.64885 161.166
54.3997 37.815 13.0038 3.65382 161.132
54.4997 37.8116 13.0381 3.65878 161.098
54.5997 37.8081 13.0725 3.66373 161.063
54.6997 37.8045 13.1069 3.66867 161.029
54.7997 37.8008 13.1414 3.6736 160.994
54.8997 37.7969 13.1759 3.67852 160.96
54.9997 37.7929 13.2104 3.68343 160.925
55.0997 37.7888 13.245 3.68833 160.891
55.1997 37.7846 13.2796 3.69322 160.856
55.2997 37.7803 13.3143 3.6981 160.821
55.3997 37.7758 13.349 3.70298 160.787
55.4997 37.7713 13.3838 3.70784 160.752
55.5997 37.7666 13.4186 3.71269 160.717
55.6997 37.7618 13.4534 3.71753 160.682
55.7997 37.7568 13.4883 3.72237 160.647
55.8997 37.7518 13.5232 3.72719 160.612
55.9997 37.7466 13.5582 3.73201 160.577
56.0997 37.7414 13.5932 3.73681 160.542
56.1997 37.736 13.6282 3.7416 160.507
56.2997 37.7305 13.6633 3.74639 160.472
56.3997 37.7248 13.6984 3.75116 160.437
56.4997 37.7191 13.7336 3.75593 160.402
56.5997 37.7133 13.7688 3.76068 160.367
56.6997 37.7073 13.8041 3.76543 160.332
56.7997 37.7012 13.8394 3.77016 160.296
56.8997 37.6951 13.8747 3.77489 160.261
56.9997 37.6888 13.9101 3.77961 160.226
57.0997 37.6824 13.9455 3.78431 160.19
57.1997 37.6759 13.9809 3.78901 160.155
57.2997 37.6692 14.0164 3.79369 160.119
57.3997 37.6625 14.052 3.79837 160.084
57.4997 37.6556 14.0875 3.80303 160.048
57.5997 37.6487 14.1231 3.80769 160.013
57.6997 37.6416 14.1588 3.81233 159.977
57.7997 37.6345 14.1945 3.81697 159.941
57.8997 37.6272 14.2302 3.8216 159.905
57.9997 37.6198 14.266 3.82621 159.87
58.0997 37.6123 14.3018 3.83082 159.834
58.1997 37.6047 14.3376 3.83541 159.798
58.2997 37.597 14.3735 3.84 159.762
58.3997 37.5892 14.4094 3.84457 159.726
58.4997 37.5813 14.4454 3.84914 159.69
58.5997 37.5733 14.4814 3.85369 159.654
58.6997 37.5652 14.5174 3.85824 159.618
58.7997 37.5569 14.5535 3.86277 159.582
58.8997 37.5486 14.5896 3.86729 159.546
58.9997 37.5402 14.6258 3.87181 159.51
59.0997 37.5316 14.662 3.87631 159.474
59.1997 37.523 14.6982 3.8808 159.437
59.2997 37.5143 14.7345 3.88529 159.401
59.3997 37.5054 14.7708 3.88976 159.365
59.4997 37.4965 14.8071 3.89422 159.329
59.5997 37.4874 14.8435 3.89868 159.292
59.6997 37.4783 14.8799 3.90312 159.256
59.7997 37.469 14.9164 3.90755 159.219
59.8997 37.4597 14.9528 3.91197 159.183
59.9997 37.4503 14.9894 3.91638 159.146
60.0997 37.4407 15.0259 3.92078 159.11
60.1997 37.4311 15.0625 3.92517 159.073
60.2997 37.4213 15.0992 3.92955 159.036
60.3997 37.4115 15.1359 3.93392 159
60.4996 37.4016 15.1726 3.93828 158.963
60.5996 37.3916 15.2093 3.94263 158.926
60.6996 37.3814 15.2461 3.94696 158.89
60.7996 37.3712 15.2829 3.95129 158.853
60.8996 37.3609 15.3198 3.95561 158.816
60.9996 37.3505 15.3567 3.95991 158.779
61.0996 37.34 15.3936 3.96421 158.742
61.1996 37.3294 15.4305 3.96849 158.705
61.2996 37.3187 15.4675 3.97277 158.668
61.3996 37.3079 15.5046 3.97703 158.631
61.4996 37.297 15.5416 3.98128 158.594
61.5996 37.286 15.5787 3.98553 158.557
61.6996 37.275 15.6159 3.98976 158.52
61.7996 37.2638 15.6531 3.99398 158.483
61.8996 37.2526 15.6903 3.99819 158.445
61.9996 37.2412 15.7275 4.00239 158.408
62.0996 37.2298 15.7648 4.00658 158.371
62.1996 37.2183 15.8021 4.01076 158.334
62.2996 37.2067 15.8394 4.01492 158.296
62.3996 37.1949 15.8768 4.01908 158.259
62.4996 37.1831 15.9142 4.02323 158.221
62.5996 37.1713 15.9517 4.02736 158.184
62.6996 37.1593 15.9892 4.03149 158.146
62.7996 37.1472 16.0267 4.0356 158.109
62.8996 37.1351 16.0642 4.0397 158.071
62.9996 37.1228 16.1018 4.0438 158.034
63.0996 37.1105 16.1394 4.04788 157.996
63.1996 37.0981 16.1771 4.05195 157.959
63.2996 37.0856 16.2148 4.05601 157.921
63.3996 37.073 16.2525 4.06006 157.883
63.4996 37.0603 16.2902 4.06409 157.845
63.5996 37.0475 16.328 4.06812 157.808
63.6996 37.0347 16.3658 4.07214 157.77
63.7996 37.0218 16.4037 4.07614 157.732
63.8996 37.0087 16.4416 4.08013 157.694
63.9996 36.9956 16.4795 4.08412 157.656
64.0996 36.9824 16.5174 4.08809 157.618
64.1996 36.9692 16.5554 4.09205 157.58
64.2996 36.9558 16.5934 4.096 157.542
64.3996 36.9424 16.6314 4.09994 157.504
64.4996 36.9289 16.6695 4.10387 157.466
64.5996 36.9152 16.7076 4.10778 157.428
64.6996 36.9016 16.7458 4.11169 157.39
64.7996 36.8878 16.7839 4.11558 157.352
64.8996 36.8739 16.8221 4.11947 157.314
64.9996 36.86 16.8604 4.12334 157.275
65.0996 36.846 16.8986 4.1272 157.237
65.1996 36.8319 16.9369 4.13105 157.199
65.2996 36.8177 16.9752 4.13489 157.16
65.3996 36.8034 17.0136 4.13872 157.122
65.4996 36.7891 17.052 4.14253 157.084
65.5996 36.7747 17.0904 4.14634 157.045
65.6996 36.7602 17.1288 4.15013 157.007
65.7996 36.7456 17.1673 4.15391 156.968
65.8996 36.7309 17.2058 4.15769 156.93
65.9996 36.7162 17.2443 4.16145 156.891
66.0996 36.7014 17.2829 4.1652 156.853
66.1996 36.6865 17.3215 4.16893 156.814
66.2996 36.6715 17.3601 4.17266 156.776
66.3996 36.6564 17.3988 4.17637 156.737
66.4996 36.6413 17.4375 4.18008 156.698
66.5996 36.6261 17.4762 4.18377 156.659
66.6996 36.6108 17.5149 4.18745 156.621
66.7996 36.5955 17.5537 4.19112 156.582
66.8996 36.58 17.5925 4.19478 156.543
66.9995 36.5645 17.6313 4.19842 156.504
67.0995 36.5489 17.6702 4.20206 156.465
67.1995 36.5333 17.7091 4.20568 156.427
67.2995 36.5175 17.748 4.2093 156.388
67.3995 36.5017 17.7869 4.2129 156.349
67.4995 36.4858 17.8259 4.21649 156.31
67.5995 36.4699 17.8649 4.22006 156.271
67.6995 36.4538 17.904 4.22363 156.232
67.7995 36.4377 17.943 4.22718 156.193
67.8995 36.4215 17.9821 4.23073 156.154
67.9995 36.4053 18.0212 4.23426 156.114
68.0995 36.389 18.0603 4.23778 156.075
68.1995 36.3726 18.0995 4.24129 156.036
68.2995 36.3561 18.1387 4.24478 155.997
68.3995 36.3395 18.1779 4.24827 155.958
68.4995 36.3229 18.2172 4.25174 155.918
68.5995 36.3062 18.2565 4.25521 155.879
68.6995 36.2895 18.2958 4.25866 155.84
68.7995 36.2727 18.3351 4.26209 155.801
68.8995 36.2557 18.3745 4.26552 155.761
68.9995 36.2388 18.4138 4.26894 155.722
69.0995 36.2217 18.4532 4.27234 155.682
69.1995 36.2046 18.4927 4.27573 155.643
69.2995 36.1874 18.5321 4.27911 155.604
69.3995 36.1702 18.5716 4.28248 155.564
69.4995 36.1529 18.6111 4.28584 155.525
69.5995 36.1355 18.6507 4.28918 155.485
69.6995 36.118 18.6903 4.29251 155.445
69.7995 36.1005 18.7298 4.29584 155.406
69.8995 36.0829 18.7695 4.29914 155.366
69.9995 36.0652 18.8091 4.30244 155.327
70.0995 36.0475 18.8488 4.30573 155.287
70.1995 36.0297 18.8885 4.309 155.247
70.2995 36.0118 18.9282 4.31226 155.207
70.3995 35.9939 18.9679 4.31551 155.168
70.4995 35.9759 19.0077 4.31875 155.128
70.5995 35.9578 19.0475 4.32198 155.088
70.6995 35.9397 19.0873 4.32519 155.048
70.7995 35.9215 19.1271 4.32839 155.009
70.8995 35.9032 19.167 4.33158 154.969
70.9995 35.8849 19.2069 4.33476 154.929
71.0995 35.8665 19.2468 4.33793 154.889
71.1995 35.848 19.2867 4.34108 154.849
71.2995 35.8295 19.3267 4.34423 154.809
71.3995 35.8109 19.3667 4.34736 154.769
71.4995 35.7923 19.4067 4.35048 154.729
71.5995 35.7735 19.4467 4.35358 154.689
71.6995 35.7548 19.4868 4.35668 154.649
71.7995 35.7359 19.5268 4.35976 154.609
71.8995 35.717 19.5669 4.36283 154.569
71.9995 35.698 19.6071 4.36589 154.529
72.0995 35.679 19.6472 4.36893 154.488
72.1995 35.6599 19.6874 4.37197 154.448
72.2995 35.6407 19.7276 4.37499 154.408
72.3995 35.6215 19.7678 4.378 154.368
72.4995 35.6022 19.808 4.38099 154.328
72.5995 35.5829 19.8483 4.38398 154.287
72.6995 35.5634 19.8886 4.38695 154.247
72.7995 35.544 19.9289 4.38991 154.207
72.8995 35.5244 19.9692 4.39286 154.166
72.9995 35.5048 20.0095 4.3958 154.126
73.0995 35.4852 20.0499 4.39872 154.086
73.1995 35.4655 20.0903 4.40163 154.045
73.2995 35.4457 20.1307 4.40453 154.005
73.3995 35.4258 20.1711 4.40742 153.965
73.4995 35.4059 20.2116 4.41029 153.924
73.5994 35.386 20.252 4.41316 153.884
73.6994 35.366 20.2925 4.41601 153.843
73.7994 35.3459 20.3331 4.41884 153.803
73.8994 35.3258 20.3736 4.42167 153.762
73.9994 35.3056 20.4141 4.42448 153.722
74.0994 35.2853 20.4547 4.42728 153.681
74.1994 35.265 20.4953 4.43007 153.64
74.2994 35.2446 20.5359 4.43285 153.6
74.3994 35.2242 20.5766 4.43561 153.559
74.4994 35.2037 20.6172 4.43836 153.518
74.5994 35.1832 20.6579 4.4411 153.478
74.6994 35.1626 20.6986 4.44383 153.437
74.7994 35.1419 20.7393 4.44654 153.396
74.8994 35.1212 20.78 4.44924 153.356
74.9994 35.1004 20.8208 4.45193 153.315
75.0994 35.0796 20.8616 4.45461 153.274
75.1994 35.0587 20.9023 4.45727 153.233
75.2994 35.0377 20.9432 4.45992 153.193
75.3994 35.0167 20.984 4.46256 153.152
75.4994 34.9957 21.0248 4.46519 153.111
75.5994 34.9746 21.0657 4.4678 153.07
75.6994 34.9534 21.1066 4.4704 153.029
75.7994 34.9322 21.1475 4.47299 152.988
75.8994 34.9109 21.1884 4.47556 152.947
75.9994 34.8896 21.2293 4.47813 152.906
76.0994 34.8682 21.2703 4.48068 152.865
76.1994 34.8467 21.3113 4.48322 152.824
76.2994 34.8252 21.3523 4.48574 152.783
76.3994 34.8037 21.3933 4.48825 152.742
76.4994 34.7821 21.4343 4.49075 152.701
76.5994 34.7604 21.4753 4.49324 152.66
76.6994 34.7387 21.5164 4.49572 152.619
76.7994 34.7169 21.5575 4.49818 152.578
76.8994 34.6951 21.5986 4.50063 152.537
76.9994 34.6733 21.6397 4.50306 152.496
77.0994 34.6513 21.6808 4.50549 152.455
77.1994 34.6293 21.7219 4.5079 152.414
77.2994 34.6073 21.7631 4.51029 152.373
77.3994 34.5852 21.8043 4.51268 152.331
77.4994 34.5631 21.8455 4.51505 152.29
77.5994 34.5409 21.8867 4.51741 152.249
77.6994 34.5187 21.9279 4.51976 152.208
77.7994 34.4964 21.9691 4.52209 152.167
77.8994 34.474 22.0104 4.52441 152.125
77.9994 34.4516 22.0517 4.52672 152.084
78.0994 34.4292 22.0929 4.52902 152.043
78.1994 34.4067 22.1342 4.5313 152.001
78.2994 34.3841 22.1756 4.53357 151.96
78.3994 34.3615 22.2169 4.53583 151.919
78.4994 34.3389 22.2582 4.53807 151.877
78.5994 34.3162 22.2996 4.5403 151.836
78.6994 34.2934 22.341 4.54252 151.795
78.7994 34.2706 22.3823 4.54472 151.753
78.8994 34.2478 22.4238 4.54692 151.712
78.9994 34.2249 22.4652 4.54909 151.67
79.0994 34.2019 22.5066 4.55126 151.629
79.1994 34.1789 22.548 4.55341 151.588
79.2994 34.1559 22.5895 4.55555 151.546
79.3994 34.1328 22.631 4.55768 151.505
79.4994 34.1097 22.6725 4.55979 151.463
79.5994 34.0865 22.714 4.5619 151.422
79.6994 34.0632 22.7555 4.56398 151.38
79.7994 34.0399 22.797 4.56606 151.339
79.8994 34.0166 22.8385 4.56812 151.297
79.9994 33.9932 22.8801 4.57017 151.256
80.0993 33.9698 22.9217 4.5722 151.214
80.1993 33.9463 22.9632 4.57423 151.172
80.2993 33.9228 23.0048 4.57624 151.131
80.3993 33.8992 23.0464 4.57823 151.089
80.4993 33.8756 23.088 4.58021 151.048
80.5993 33.8519 23.1297 4.58218 151.006
80.6993 33.8282 23.1713 4.58414 150.964
80.7993 33.8044 23.213 4.58608 150.923
80.8993 33.7806 23.2546 4.58802 150.881
80.9993 33.7567 23.2963 4.58993 150.839
81.0993 33.7328 23.338 4.59184 150.798
81.1993 33.7089 23.3797 4.59373 150.756
81.2993 33.6849 23.4214 4.5956 150.714
81.3993 33.6608 23.4631 4.59747 150.673
81.4993 33.6368 23.5048 4.59932 150.631
81.5993 33.6126 23.5466 4.60116 150.589
81.6993 33.5884 23.5883 4.60298 150.547
81.7993 33.5642 23.6301 4.60479 150.506
81.8993 33.5399 23.6719 4.60659 150.464
81.9993 33.5156 23.7137 4.60838 150.422
82.0993 33.4913 23.7554 4.61015 150.38
82.1993 33.4669 23.7973 4.6119 150.338
82.2993 33.4424 23.8391 4.61365 150.297
82.3993 33.4179 23.8809 4.61538 150.255
82.4993 33.3934 23.9227 4.6171 150.213
82.5993 33.3688 23.9646 4.6188 150.171
82.6993 33.3442 24.0064 4.62049 150.129
82.7993 33.3195 24.0483 4.62217 150.087
82.8993 33.2948 24.0902 4.62384 150.046
82.9993 33.2701 24.132 4.62549 150.004
83.0993 33.2453 24.1739 4.62712 149.962
83.1993 33.2204 24.2158 4.62875 149.92
83.2993 33.1955 24.2577 4.63036 149.878
83.3993 33.1706 24.2996 4.63195 149.836
83.4993 33.1456 24.3416 4.63354 149.794
83.5993 33.1206 24.3835 4.63511 149.752
83.6993 33.0956 24.4254 4.63667 149.71
83.7993 33.0705 24.4674 4.63821 149.668
83.8993 33.0453 24.5093 4.63974 149.626
83.9993 33.0202 24.5513 4.64125 149.584
84.0993 32.9949 24.5933 4.64276 149.542
84.1993 32.9697 24.6353 4.64425 149.5
84.2993 32.9444 24.6773 4.64572 149.458
84.3993 32.919 24.7192 4.64718 149.416
84.4993 32.8936 24.7612 4.64863 149.374
84.5993 32.8682 24.8033 4.65007 149.332
84.6993 32.8427 24.8453 4.65149 149.29
84.7993 32.8172 24.8873 4.6529 149.248
84.8993 32.7917 24.9293 4.65429 149.206
84.9993 32.7661 24.9714 4.65567 149.164
85.0993 32.7404 25.0134 4.65704 149.122
85.1993 32.7148 25.0555 4.65839 149.08
85.2993 32.689 25.0975 4.65973 149.038
85.3993 32.6633 25.1396 4.66105 148.996
85.4993 32.6375 25.1816 4.66237 148.954
85.5993 32.6117 25.2237 4.66367 148.912
85.6993 32.5858 25.2658 4.66495 148.87
85.7993 32.5599 25.3079 4.66622 148.828
85.8993 32.5339 25.35 4.66748 148.786
85.9993 32.5079 25.3921 4.66872 148.744
86.0993 32.4819 25.4341 4.66995 148.702
86.1993 32.4558 25.4763 4.67117 148.659
86.2993 32.4297 25.5184 4.67237 148.617
86.3993 32.4036 25.5605 4.67356 148.575
86.4993 32.3774 25.6026 4.67473 148.533
86.5993 32.3511 25.6447 4.6759 148.491
86.6992 32.3249 25.6868 4.67704 148.449
86.7992 32.2986 25.729 4.67818 148.407
86.8992 32.2722 25.7711 4.6793 148.365
86.9992 32.2458 25.8133 4.6804 148.322
87.0992 32.2194 25.8554 4.68149 148.28
87.1992 32.193 25.8975 4.68257 148.238
87.2992 32.1665 25.9397 4.68364 148.196
87.3992 32.1399 25.9819 4.68469 148.154
87.4992 32.1134 26.024 4.68572 148.112
87.5992 32.0868 26.0662 4.68675 148.069
87.6992 32.0601 26.1083 4.68776 148.027
87.7992 32.0334 26.1505 4.68875 147.985
87.8992 32.0067 26.1927 4.68973 147.943
87.9992 31.98 26.2348 4.6907 147.901
88.0992 31.9532 26.277 4.69165 147.859
88.1992 31.9264 26.3192 4.69259 147.816
88.2992 31.8995 26.3614 4.69352 147.774
88.3992 31.8726 26.4036 4.69443 147.732
88.4992 31.8456 26.4457 4.69533 147.69
88.5992 31.8187 26.4879 4.69621 147.648
88.6992 31.7917 26.5301 4.69708 147.606
88.7992 31.7646 26.5723 4.69794 147.563
88.8992 31.7375 26.6145 4.69878 147.521
88.9992 31.7104 26.6567 4.69961 147.479
89.0992 31.6833 26.6989 4.70042 147.437
89.1992 31.6561 26.7411 4.70122 147.395
89.2992 31.6289 26.7833 4.70201 147.352
89.3992 31.6016 26.8255 4.70278 147.31
89.4992 31.5743 26.8677 4.70354 147.268
89.5992 31.547 26.9099 4.70428 147.226
89.6992 31.5196 26.9521 4.70501 147.184
89.7992 31.4922 26.9943 4.70573 147.141
89.8992 31.4648 27.0365 4.70643 147.099
89.9992 31.4373 27.0787 4.70712 147.057
90.0992 31.4098 27.1209 4.70779 147.015
90.1992 31.3823 27.1631 4.70845 146.973
90.2992 31.3547 27.2053 4.70909 146.93
90.3992 31.3271 27.2475 4.70973 146.888
90.4992 31.2994 27.2897 4.71034 146.846
90.5992 31.2718 27.3319 4.71095 146.804
90.6992 31.2441 27.3741 4.71153 146.762
90.7992 31.2163 27.4163 4.71211 146.719
90.8992 31.1885 27.4584 4.71267 146.677
90.9992 31.1607 27.5006 4.71322 146.635
91.0992 31.1329 27.5428 4.71375 146.593
91.1992 31.105 27.585 4.71427 146.551
91.2992 31.0771 27.6272 4.71477 146.508
91.3992 31.0492 27.6694 4.71526 146.466
91.4992 31.0212 27.7116 4.71574 146.424
91.5992 30.9932 27.7538 4.7162 146.382
91.6992 30.9651 27.796 4.71664 146.34
91.7992 30.9371 27.8381 4.71708 146.298
91.8992 30.909 27.8803 4.7175 146.255
91.9992 30.8808 27.9225 4.7179 146.213
92.0992 30.8526 27.9647 4.71829 146.171
92.1992 30.8244 28.0068 4.71867 146.129
92.2992 30.7962 28.049 4.71903 146.087
92.3992 30.7679 28.0912 4.71938 146.045
92.4992 30.7396 28.1333 4.71971 146.002
92.5992 30.7113 28.1755 4.72003 145.96
92.6992 30.6829 28.2176 4.72033 145.918
92.7992 30.6545 28.2598 4.72062 145.876
92.8992 30.6261 28.3019 4.7209 145.834
92.9992 30.5977 28.3441 4.72116 145.792
93.0992 30.5692 28.3862 4.72141 145.749
93.1992 30.5406 28.4284 4.72164 145.707
93.2991 30.5121 28.4705 4.72186 145.665
93.3991 30.4835 28.5126 4.72207 145.623
93.4991 30.4549 28.5547 4.72226 145.581
93.5991 30.4263 28.5969 4.72243 145.539
93.6991 30.3976 28.639 4.72259 145.497
93.7991 30.3689 28.6811 4.72274 145.455
93.8991 30.3401 28.7232 4.72288 145.412
93.9991 30.3114 28.7653 4.72299 145.37
94.0991 30.2826 28.8074 4.7231 145.328
94.1991 30.2537 28.8495 4.72319 145.286
94.2991 30.2249 28.8916 4.72326 145.244
94.3991 30.196 28.9336 4.72332 145.202
94.4991 30.1671 28.9757 4.72337 145.16
94.5991 30.1381 29.0178 4.7234 145.118
94.6991 30.1091 29.0598 4.72342 145.076
94.7991 30.0801 29.1019 4.72342 145.034
94.8991 30.0511 29.1439 4.72341 144.992
94.9991 30.022 29.186 4.72339 144.95
95.0991 29.9929 29.228 4.72335 144.908
95.1991 29.9638 29.27 4.72329 144.866
95.2991 29.9346 29.3121 4.72322 144.824
95.3991 29.9054 29.3541 4.72314 144.782
95.4991 29.8762 29.3961 4.72304 144.74
95.5991 29.847 29.4381 4.72293 144.698
95.6991 29.8177 29.4801 4.7228 144.656
95.7991 29.7884 29.5221 4.72266 144.614
95.8991 29.7591 29.5641 4.72251 144.572
95.9991 29.7297 29.606 4.72234 144.53
96.0991 29.7003 29.648 4.72215 144.488
96.1991 29.6709 29.6899 4.72195 144.446
96.2991 29.6415 29.7319 4.72174 144.404
96.3991 29.612 29.7738 4.72151 144.362
96.4991 29.5825 29.8158 4.72127 144.32
96.5991 29.553 29.8577 4.72101 144.278
96.6991 29.5234 29.8996 4.72074 144.236
96.7991 29.4938 29.9415 4.72045 144.194
96.8991 29.4642 29.9834 4.72015 144.152
96.9991 29.4346 30.0253 4.71984 144.11
97.0991 29.4049 30.0672 4.71951 144.068
97.1991 29.3752 30.1091 4.71916 144.027
97.2991 29.3455 30.1509 4.7188 143.985
97.3991 29.3157 30.1928 4.71843 143.943
97.4991 29.2859 30.2346 4.71804 143.901
97.5991 29.2561 30.2764 4.71764 143.859
97.6991 29.2263 30.3183 4.71722 143.817
97.7991 29.1964 30.3601 4.71679 143.776
97.8991 29.1665 30.4019 4.71634 143.734
97.9991 29.1366 30.4437 4.71588 143.692
98.0991 29.1067 30.4855 4.71541 143.65
98.1991 29.0767 30.5272 4.71492 143.608
98.2991 29.0467 30.569 4.71441 143.567
98.3991 29.0167 30.6108 4.71389 143.525
98.4991 28.9866 30.6525 4.71336 143.483
98.5991 28.9566 30.6942 4.71281 143.441
98.6991 28.9265 30.736 4.71225 143.4
98.7991 28.8963 30.7777 4.71167 143.358
98.8991 28.8662 30.8194 4.71108 143.316
98.9991 28.836 30.861 4.71047 143.275
99.0991 28.8058 30.9027 4.70985 143.233
99.1991 28.7755 30.9444 4.70921 143.191
99.2991 28.7453 30.986 4.70856 143.15
99.3991 28.715 31.0277 4.70789 143.108
99.4991 28.6847 31.0693 4.70721 143.066
99.5991 28.6543 31.1109 4.70652 143.025
99.6991 28.624 31.1525 4.70581 142.983
99.799 28.5936 31.1941 4.70508 142.942
99.899 28.5632 31.2357 4.70434 142.9
99.999 28.5327 31.2772 4.70359 142.858
100.099 28.5023 31.3188 4.70282 142.817
100.199 28.4718 31.3603 4.70204 142.775
100.299 28.4413 31.4019 4.70124 142.734
100.399 28.4107 31.4434 4.70042 142.692
100.499 28.3802 31.4849 4.6996 142.651
100.599 28.3496 31.5264 4.69875 142.609
100.699 28.319 31.5678 4.6979 142.568
100.799 28.2883 31.6093 4.69703 142.526
100.899 28.2576 31.6507 4.69614 142.485
100.999 28.227 31.6922 4.69524 142.443
101.099 28.1962 31.7336 4.69432 142.402
101.199 28.1655 31.775 4.69339 142.361
101.299 28.1347 31.8164 4.69245 142.319
101.399 28.104 31.8578 4.69149 142.278
101.499 28.0731 31.8991 4.69051 142.237
101.599 28.0423 31.9405 4.68952 142.195
101.699 28.0114 31.9818 4.68852 142.154
101.799 27.9806 32.0231 4.6875 142.113
101.899 27.9496 32.0644 4.68646 142.071
101.999 27.9187 32.1057 4.68542 142.03
102.099 27.8878 32.147 4.68435 141.989
102.199 27.8568 32.1882 4.68327 141.947
102.299 27.8258 32.2295 4.68218 141.906
102.399 27.7947 32.2707 4.68107 141.865
102.499 27.7637 32.3119 4.67995 141.824
102.599 27.7326 32.3531 4.67881 141.783
102.699 27.7015 32.3943 4.67766 141.741
102.799 27.6704 32.4354 4.67649 141.7
102.899 27.6393 32.4766 4.67531 141.659
102.999 27.6081 32.5177 4.67412 141.618
103.099 27.5769 32.5588 4.6729 141.577
103.199 27.5457 32.5999 4.67168 141.536
103.299 27.5144 32.641 4.67044 141.495
103.399 27.4832 32.682 4.66918 141.454
103.499 27.4519 32.7231 4.66791 141.413
103.599 27.4206 32.7641 4.66663 141.372
103.699 27.3893 32.8051 4.66533 141.331
103.799 27.3579 32.8461 4.66401 141.29
103.899 27.3265 32.8871 4.66268 141.249
103.999 27.2951 32.928 4.66134 141.208
104.099 27.2637 32.969 4.65998 141.167
104.199 27.2323 33.0099 4.6586 141.126
104.299 27.2008 33.0508 4.65721 141.085
104.399 27.1693 33.0917 4.65581 141.044
104.499 27.1378 33.1325 4.65439 141.003
104.599 27.1063 33.1734 4.65296 140.962
104.699 27.0747 33.2142 4.65151 140.921
104.799 27.0432 33.255 4.65005 140.881
104.899 27.0116 33.2958 4.64857 140.84
104.999 26.98 33.3366 4.64707 140.799
105.099 26.9483 33.3773 4.64557 140.758
105.199 26.9166 33.4181 4.64404 140.718
105.299 26.885 33.4588 4.64251 140.677
105.399 26.8533 33.4995 4.64095 140.636
105.499 26.8215 33.5401 4.63939 140.596
105.599 26.7898 33.5808 4.63781 140.555
105.699 26.758 33.6214 4.63621 140.514
105.799 26.7262 33.662 4.6346 140.474
105.899 26.6944 33.7026 4.63297 140.433
105.999 26.6626 33.7432 4.63133 140.392
106.099 26.6307 33.7838 4.62967 140.352
106.199 26.5988 33.8243 4.628 140.311
106.299 26.5669 33.8648 4.62632 140.271
106.399 26.535 33.9053 4.62462 140.23
106.499 26.5031 33.9458 4.6229 140.19
106.599 26.4711 33.9862 4.62117 140.149
106.699 26.4392 34.0267 4.61942 140.109
106.799 26.4071 34.0671 4.61766 140.069
106.899 26.3751 34.1075 4.61589 140.028
106.999 26.3431 34.1478 4.6141 139.988
107.099 26.311 34.1882 4.61229 139.947
107.199 26.2789 34.2285 4.61047 139.907
107.299 26.2468 34.2688 4.60864 139.867
107.399 26.2147 34.3091 4.60679 139.827
107.499 26.1826 34.3493 4.60493 139.786
107.599 26.1504 34.3896 4.60305 139.746
107.699 26.1182 34.4298 4.60115 139.706
107.799 26.086 34.47 4.59924 139.666
107.899 26.0538 34.5102 4.59732 139.626
107.999 26.0215 34.5503 4.59538 139.585
108.099 25.9893 34.5904 4.59343 139.545
108.199 25.957 34.6305 4.59146 139.505
108.299 25.9247 34.6706 4.58948 139.465
108.399 25.8924 34.7107 4.58748 139.425
108.499 25.86 34.7507 4.58547 139.385
108.599 25.8276 34.7907 4.58344 139.345
108.699 25.7953 34.8307 4.58139 139.305
108.799 25.7629 34.8706 4.57934 139.265
108.899 25.7304 34.9106 4.57726 139.225
108.999 25.698 34.9505 4.57518 139.185
109.099 25.6655 34.9904 4.57308 139.145
109.199 25.633 35.0302 4.57096 139.105
109.299 25.6005 35.0701 4.56883 139.066
109.399 25.568 35.1099 4.56668 139.026
109.499 25.5355 35.1497 4.56452 138.986
109.599 25.5029 35.1895 4.56234 138.946
109.699 25.4703 35.2292 4.56015 138.906
109.799 25.4378 35.2689 4.55794 138.867
109.899 25.4051 35.3086 4.55572 138.827
109.999 25.3725 35.3483 4.55349 138.787
110.099 25.3398 35.3879 4.55124 138.748
110.199 25.3072 35.4275 4.54897 138.708
110.299 25.2745 35.4671 4.54669 138.669
110.399 25.2418 35.5067 4.54439 138.629
110.499 25.2091 35.5462 4.54208 138.589
110.599 25.1763 35.5857 4.53976 138.55
110.699 25.1435 35.6252 4.53742 138.51
110.799 25.1108 35.6647 4.53506 138.471
110.899 25.078 35.7041 4.5327 138.432
110.999 25.0451 35.7435 4.53031 138.392
111.099 25.0123 35.7829 4.52791 138.353
111.199 24.9794 35.8223 4.5255 138.313
111.299 24.9466 35.8616 4.52307 138.274
111.399 24.9137 35.9009 4.52062 138.235
111.499 24.8808 35.9402 4.51817 138.195
111.599 24.8478 35.9794 4.51569 138.156
111.699 24.8149 36.0187 4.5132 138.117
111.799 24.7819 36.0579 4.5107 138.078
111.899 24.7489 36.097 4.50818 138.039
111.999 24.7159 36.1362 4.50565 137.999
112.099 24.6829 36.1753 4.5031 137.96
112.199 24.6499 36.2144 4.50054 137.921
112.299 24.6168 36.2534 4.49796 137.882
112.399 24.5838 36.2925 4.49537 137.843
112.499 24.5507 36.3315 4.49276 137.804
112.599 24.5176 36.3704 4.49014 137.765
112.699 24.4844 36.4094 4.4875 137.726
112.799 24.4513 36.4483 4.48485 137.687
112.899 24.4181 36.4872 4.48219 137.648
112.999 24.385 36.526 4.4795 137.61
113.099 24.3518 36.5649 4.47681 137.571
113.199 24.3186 36.6037 4.4741 137.532
113.299 24.2853 36.6425 4.47137 137.493
113.399 24.2521 36.6812 4.46863 137.454
113.499 24.2188 36.7199 4.46588 137.416
113.599 24.1856 36.7586 4.46311 137.377
113.699 24.1523 36.7973 4.46032 137.338
113.799 24.1189 36.8359 4.45752 137.3
113.899 24.0856 36.8745 4.45471 137.261
113.999 24.0523 36.913 4.45188 137.223
114.099 24.0189 36.9516 4.44904 137.184
114.199 23.9855 36.9901 4.44618 137.146
114.299 23.9521 37.0286 4.4433 137.107
114.399 23.9187 37.067 4.44042 137.069
114.499 23.8853 37.1054 4.43751 137.03
114.599 23.8518 37.1438 4.43459 136.992
114.699 23.8184 37.1822 4.43166 136.954
114.799 23.7849 37.2205 4.42872 136.915
114.899 23.7514 37.2588 4.42575 136.877
114.999 23.7179 37.297 4.42278 136.839
115.099 23.6844 37.3353 4.41978 136.8
115.199 23.6508 37.3735 4.41678 136.762
115.299 23.6173 37.4116 4.41376 136.724
115.399 23.5837 37.4498 4.41072 136.686
115.499 23.5501 37.4879 4.40767 136.648
115.599 23.5165 37.526 4.40461 136.61
115.699 23.4829 37.564 4.40153 136.572
115.799 23.4492 37.602 4.39843 136.534
115.899 23.4156 37.64 4.39532 136.496
115.999 23.3819 37.6779 4.3922 136.458
116.099 23.3482 37.7158 4.38906 136.42
116.199 23.3145 37.7537 4.38591 136.382
116.299 23.2808 37.7916 4.38274 136.344
116.399 23.2471 37.8294 4.37956 136.306
116.499 23.2133 37.8672 4.37636 136.268
116.599 23.1795 37.9049 4.37315 136.231
116.699 23.1458 37.9426 4.36992 136.193
116.799 23.112 37.9803 4.36668 136.155
116.899 23.0782 38.018 4.36342 136.118
116.999 23.0443 38.0556 4.36015 136.08
117.099 23.0105 38.0932 4.35686 136.042
117.199 22.9766 38.1307 4.35356 136.005
117.299 22.9428 38.1682 4.35025 135.967
117.399 22.9089 38.2057 4.34692 135.93
117.499 22.875 38.2432 4.34358 135.892
117.599 22.8411 38.2806 4.34022 135.855
117.699 22.8071 38.318 4.33684 135.818
117.799 22.7732 38.3553 4.33346 135.78
117.899 22.7392 38.3926 4.33005 135.743
117.999 22.7052 38.4299 4.32664 135.706
118.099 22.6712 38.4671 4.3232 135.669
118.199 22.6372 38.5044 4.31976 135.631
118.299 22.6032 38.5415 4.3163 135.594
118.399 22.5692 38.5787 4.31282 135.557
118.499 22.5351 38.6158 4.30933 135.52
118.599 22.501 38.6528 4.30583 135.483
118.699 22.467 38.6899 4.30231 135.446
118.799 22.4329 38.7269 4.29877 135.409
118.899 22.3988 38.7638 4.29522 135.372
118.999 22.3646 38.8008 4.29166 135.335
119.099 22.3305 38.8377 4.28808 135.298
119.199 22.2963 38.8745 4.28449 135.261
119.299 22.2622 38.9113 4.28088 135.224
119.399 22.228 38.9481 4.27726 135.188
119.499 22.1938 38.9849 4.27363 135.151
119.599 22.1596 39.0216 4.26998 135.114
119.699 22.1253 39.0582 4.26631 135.077
119.799 22.0911 39.0949 4.26263 135.041
119.899 22.0569 39.1315 4.25894 135.004
119.999 22.0226 39.168 4.25523 134.968
120.099 21.9883 39.2046 4.25151 134.931
120.199 21.954 39.2411 4.24777 134.895
120.299 21.9197 39.2775 4.24402 134.858
120.399 21.8854 39.3139 4.24025 134.822
120.499 21.851 39.3503 4.23647 134.785
120.599 21.8167 39.3867 4.23268 134.749
120.699 21.7823 39.423 4.22887 134.713
120.799 21.7479 39.4592 4.22504 134.676
120.899 21.7135 39.4955 4.22121 134.64
120.999 21.6791 39.5317 4.21735 134.604
121.099 21.6447 39.5678 4.21349 134.568
121.199 21.6103 39.6039 4.2096 134.532
121.299 21.5758 39.64 4.20571 134.496
121.399 21.5414 39.676 4.2018 134.46
121.499 21.5069 39.712 4.19787 134.424
121.599 21.4724 39.748 4.19393 134.388
121.699 21.4379 39.7839 4.18998 134.352
121.799 21.4034 39.8198 4.18601 134.316
121.899 21.3689 39.8557 4.18203 134.28
121.999 21.3343 39.8915 4.17803 134.244
122.099 21.2998 39.9272 4.17402 134.208
122.199 21.2652 39.963 4.17 134.173
122.299 21.2306 39.9987 4.16596 134.137
122.399 21.196 40.0343 4.1619 134.101
122.499 21.1614 40.0699 4.15783 134.066
122.599 21.1268 40.1055 4.15375 134.03
122.699 21.0922 40.141 4.14966 133.995
122.799 21.0575 40.1765 4.14554 133.959
122.899 21.0229 40.212 4.14142 133.924
122.999 20.9882 40.2474 4.13728 133.888
123.099 20.9535 40.2827 4.13313 133.853
123.199 20.9188 40.3181 4.12896 133.818
123.299 20.8841 40.3534 4.12477 133.782
123.399 20.8494 40.3886 4.12058 133.747
123.499 20.8146 40.4238 4.11637 133.712
123.599 20.7799 40.459 4.11214 133.677
123.699 20.7451 40.4941 4.1079 133.642
123.799 20.7104 40.5292 4.10365 133.606
123.899 20.6756 40.5643 4.09938 133.571
123.999 20.6408 40.5993 4.0951 133.536
124.099 20.606 40.6342 4.0908 133.501
124.199 20.5711 40.6692 4.08649 133.467
124.299 20.5363 40.704 4.08217 133.432
124.399 20.5015 40.7389 4.07783 133.397
124.499 20.4666 40.7737 4.07348 133.362
124.599 20.4317 40.8084 4.06911 133.327
124.699 20.3968 40.8432 4.06473 133.293
124.799 20.3619 40.8778 4.06034 133.258
124.899 20.327 40.9125 4.05593 133.223
124.999 20.2921 40.9471 4.0515 133.189
125.099 20.2572 40.9816 4.04707 133.154
125.199 20.2222 41.0161 4.04262 133.12
125.299 20.1873 41.0506 4.03815 133.085
125.399 20.1523 41.085 4.03367 133.051
125.499 20.1173 41.1194 4.02918 133.016
125.599 20.0823 41.1537 4.02467 132.982
125.699 20.0473 41.188 4.02015 132.948
125.799 20.0123 41.2222 4.01561 132.913
125.899 19.9773 41.2564 4.01106 132.879
125.999 19.9422 41.2906 4.0065 132.845
126.099 19.9072 41.3247 4.00192 132.811
126.199 19.8721 41.3588 3.99733 132.777
126.299 19.837 41.3928 3.99273 132.743
126.399 19.8019 41.4268 3.98811 132.709
126.499 19.7668 41.4608 3.98348 132.675
126.599 19.7317 41.4947 3.97883 132.641
126.699 19.6966 41.5285 3.97417 132.607
126.799 19.6615 41.5623 3.96949 132.573
126.899 19.6263 41.5961 3.9648 132.54
126.999 19.5912 41.6298 3.9601 132.506
127.099 19.556 41.6635 3.95538 132.472
127.199 19.5208 41.6972 3.95065 132.439
127.299 19.4856 41.7307 3.94591 132.405
127.399 19.4504 41.7643 3.94115 132.371
127.499 19.4152 41.7978 3.93638 132.338
127.599 19.38 41.8312 3.9316 132.304
127.699 19.3448 41.8647 3.9268 132.271
127.799 19.3095 41.898 3.92198 132.238
127.899 19.2742 41.9314 3.91716 132.204
127.999 19.239 41.9646 3.91232 132.171
128.099 19.2037 41.9979 3.90746 132.138
128.199 19.1684 42.031 3.90259 132.105
128.299 19.1331 42.0642 3.89771 132.071
128.399 19.0978 42.0973 3.89281 132.038
128.499 19.0624 42.1303 3.8879 132.005
128.599 19.0271 42.1633 3.88298 131.972
128.699 18.9918 42.1963 3.87804 131.939
128.799 18.9564 42.2292 3.87309 131.906
128.899 18.921 42.2621 3.86813 131.874
128.999 18.8856 42.2949 3.86315 131.841
129.099 18.8503 42.3277 3.85816 131.808
129.199 18.8149 42.3604 3.85315 131.775
129.299 18.7794 42.3931 3.84814 131.743
129.399 18.744 42.4257 3.8431 131.71
129.499 18.7086 42.4583 3.83806 131.677
129.599 18.6731 42.4909 3.833 131.645
129.699 18.6377 42.5234 3.82792 131.612
129.799 18.6022 42.5558 3.82284 131.58
129.899 18.5667 42.5882 3.81774 131.547
129.999 18.5312 42.6206 3.81262 131.515
130.099 18.4957 42.6529 3.8075 131.483
130.199 18.4602 42.6851 3.80236 131.451
130.299 18.4247 42.7173 3.7972 131.418
130.399 18.3892 42.7495 3.79203 131.386
130.499 18.3536 42.7816 3.78685 131.354
130.599 18.3181 42.8137 3.78166 131.322
130.699 18.2825 42.8457 3.77645 131.29
130.799 18.247 42.8777 3.77123 131.258
130.899 18.2114 42.9096 3.76599 131.226
130.999 18.1758 42.9415 3.76075 131.194
131.099 18.1402 42.9733 3.75549 131.162
131.199 18.1046 43.0051 3.75021 131.131
131.299 18.069 43.0368 3.74492 131.099
131.399 18.0333 43.0685 3.73962 131.067
131.499 17.9977 43.1001 3.73431 131.036
131.599 17.962 43.1317 3.72898 131.004
131.699 17.9264 43.1632 3.72364 130.972
131.799 17.8907 43.1947 3.71828 130.941
131.899 17.855 43.2262 3.71291 130.909
131.999 17.8193 43.2576 3.70753 130.878
132.099 17.7836 43.2889 3.70214 130.847
132.199 17.7479 43.3202 3.69673 130.815
132.299 17.7122 43.3514 3.69131 130.784
132.399 17.6765 43.3826 3.68588 130.753
132.499 17.6407 43.4138 3.68043 130.722
132.599 17.605 43.4448 3.67497 130.691
132.699 17.5692 43.4759 3.6695 130.66
132.799 17.5335 43.5069 3.66401 130.629
132.899 17.4977 43.5378 3.65851 130.598
132.999 17.4619 43.5687 3.653 130.567
133.099 17.4261 43.5996 3.64747 130.536
133.199 17.3903 43.6303 3.64193 130.505
133.299 17.3545 43.6611 3.63638 130.475
133.399 17.3186 43.6918 3.63082 130.444
133.499 17.2828 43.7224 3.62524 130.413
133.599 17.247 43.753 3.61965 130.383
133.699 17.2111 43.7835 3.61404 130.352
133.799 17.1753 43.814 3.60843 130.322
133.899 17.1394 43.8445 3.6028 130.291
133.999 17.1035 43.8748 3.59715 130.261
134.099 17.0676 43.9052 3.5915 130.23
134.199 17.0317 43.9355 3.58583 130.2
134.299 16.9958 43.9657 3.58015 130.17
134.399 16.9599 43.9959 3.57445 130.14
134.499 16.924 44.026 3.56875 130.11
134.599 16.888 44.0561 3.56303 130.08
134.699 16.8521 44.0861 3.55729 130.05
134.799 16.8161 44.1161 3.55155 130.02
134.899 16.7802 44.146 3.54579 129.99
134.999 16.7442 44.1759 3.54002 129.96
135.099 16.7082 44.2057 3.53423 129.93
135.199 16.6722 44.2354 3.52844 129.9
135.299 16.6362 44.2652 3.52263 129.871
135.399 16.6002 44.2948 3.5168 129.841
135.499 16.5642 44.3244 3.51097 129.811
135.599 16.5282 44.354 3.50512 129.782
135.699 16.4921 44.3835 3.49926 129.752
135.799 16.4561 44.4129 3.49339 129.723
135.899 16.42 44.4423 3.4875 129.693
135.999 16.384 44.4717 3.4816 129.664
136.099 16.3479 44.501 3.47569 129.635
136.199 16.3118 44.5302 3.46977 129.605
136.299 16.2757 44.5594 3.46383 129.576
136.399 16.2397 44.5885 3.45789 129.547
136.499 16.2036 44.6176 3.45192 129.518
136.599 16.1674 44.6466 3.44595 129.489
136.699 16.1313 44.6756 3.43997 129.46
136.799 16.0952 44.7045 3.43397 129.431
136.899 16.0591 44.7334 3.42796 129.402
136.999 16.0229 44.7622 3.42193 129.373
137.099 15.9868 44.7909 3.4159 129.345
137.199 15.9506 44.8196 3.40985 129.316
137.299 15.9144 44.8483 3.40379 129.287
137.399 15.8782 44.8769 3.39772 129.259
137.499 15.8421 44.9054 3.39163 129.23
137.599 15.8059 44.9339 3.38553 129.202
137.699 15.7697 44.9623 3.37942 129.173
137.799 15.7334 44.9907 3.3733 129.145
137.899 15.6972 45.019 3.36717 129.117
137.999 15.661 45.0473 3.36102 129.088
138.099 15.6248 45.0755 3.35486 129.06
138.199 15.5885 45.1037 3.34869 129.032
138.299 15.5523 45.1318 3.3425 129.004
138.399 15.516 45.1598 3.33631 128.976
138.499 15.4797 45.1878 3.3301 128.948
138.599 15.4435 45.2157 3.32388 128.92
138.699 15.4072 45.2436 3.31765 128.892
138.799 15.3709 45.2714 3.31141 128.864
138.899 15.3346 45.2992 3.30515 128.836
138.999 15.2983 45.3269 3.29888 128.809
139.099 15.262 45.3546 3.2926 128.781
139.199 15.2256 45.3822 3.28631 128.753
139.299 15.1893 45.4097 3.28 128.726
139.399 15.153 45.4372 3.27369 128.698
139.499 15.1166 45.4647 3.26736 128.671
139.599 15.0803 45.4921 3.26102 128.644
139.699 15.0439 45.5194 3.25467 128.616
139.799 15.0075 45.5467 3.2483 128.589
139.899 14.9712 45.5739 3.24193 128.562
139.999 14.9348 45.601 3.23554 128.535
140.099 14.8984 45.6281 3.22914 128.508
140.199 14.862 45.6552 3.22273 128.481
140.299 14.8256 45.6822 3.2163 128.454
140.399 14.7892 45.7091 3.20987 128.427
140.499 14.7527 45.736 3.20342 128.4
140.599 14.7163 45.7628 3.19696 128.373
140.699 14.6799 45.7895 3.19049 128.346
140.799 14.6434 45.8162 3.18401 128.319
140.899 14.607 45.8429 3.17751 128.293
140.999 14.5705 45.8695 3.17101 128.266
141.099 14.534 45.896 3.16449 128.24
141.199 14.4976 45.9225 3.15796 128.213
141.299 14.4611 45.9489 3.15142 128.187
141.399 14.4246 45.9752 3.14487 128.16
141.499 14.3881 46.0015 3.1383 128.134
141.599 14.3516 46.0278 3.13173 128.108
141.699 14.3151 46.054 3.12514 128.082
141.799 14.2786 46.0801 3.11854 128.056
141.899 14.242 46.1062 3.11193 128.029
141.999 14.2055 46.1322 3.10531 128.003
142.099 14.169 46.1581 3.09868 127.978
142.199 14.1324 46.184 3.09203 127.952
142.299 14.0959 46.2099 3.08538 127.926
142.399 14.0593 46.2357 3.07871 127.9
142.499 14.0227 46.2614 3.07203 127.874
142.6 13.9862 46.287 3.06534 127.849
142.7 13.9496 46.3126 3.05864 127.823
142.8 13.913 46.3382 3.05193 127.797
142.9 13.8764 46.3637 3.04521 127.772
143 13.8398 46.3891 3.03847 127.747
143.1 13.8032 46.4145 3.03172 127.721
143.2 13.7666 46.4398 3.02497 127.696
143.3 13.7299 46.465 3.0182 127.671
143.4 13.6933 46.4902 3.01142 127.645
143.5 13.6567 46.5154 3.00463 127.62
143.6 13.62 46.5404 2.99783 127.595
143.7 13.5834 46.5654 2.99101 127.57
143.8 13.5467 46.5904 2.98419 127.545
143.9 13.5101 46.6153 2.97735 127.52
144 13.4734 46.6401 2.97051 127.496
144.1 13.4367 46.6649 2.96365 127.471
144.2 13.4 46.6896 2.95678 127.446
144.3 13.3633 46.7143 2.9499 127.421
144.4 13.3266 46.7389 2.94301 127.397
144.5 13.2899 46.7634 2.93611 127.372
144.6 13.2532 46.7879 2.9292 127.348
144.7 13.2165 46.8123 2.92227 127.323
144.8 13.1798 46.8367 2.91534 127.299
144.9 13.1431 46.861 2.90839 127.275
145 13.1063 46.8852 2.90144 127.25
145.1 13.0696 46.9094 2.89447 127.226
145.2 13.0328 46.9335 2.88749 127.202
145.3 12.9961 46.9576 2.88051 127.178
145.4 12.9593 46.9815 2.87351 127.154
145.5 12.9226 47.0055 2.8665 127.13
145.6 12.8858 47.0294 2.85948 127.106
145.7 12.849 47.0532 2.85245 127.083
145.8 12.8122 47.0769 2.8454 127.059
145.9 12.7754 47.1006 2.83835 127.035
146 12.7386 47.1242 2.83129 127.011
146.1 12.7018 47.1478 2.82422 126.988
146.2 12.665 47.1713 2.81713 126.964
146.3 12.6282 47.1948 2.81004 126.941
146.4 12.5914 47.2182 2.80293 126.918
146.5 12.5545 47.2415 2.79582 126.894
146.6 12.5177 47.2647 2.78869 126.871
146.7 12.4809 47.2879 2.78156 126.848
146.8 12.444 47.3111 2.77441 126.825
146.9 12.4072 47.3342 2.76725 126.802
147 12.3703 47.3572 2.76008 126.778
147.1 12.3334 47.3801 2.75291 126.756
147.2 12.2966 47.403 2.74572 126.733
147.3 12.2597 47.4259 2.73852 126.71
147.4 12.2228 47.4486 2.73131 126.687
147.5 12.1859 47.4713 2.72409 126.664
147.6 12.149 47.494 2.71686 126.642
147.7 12.1121 47.5166 2.70963 126.619
147.8 12.0752 47.5391 2.70238 126.597
147.9 12.0383 47.5615 2.69512 126.574
148 12.0014 47.5839 2.68785 126.552
148.1 11.9645 47.6063 2.68057 126.529
148.2 11.9275 47.6285 2.67328 126.507
148.3 11.8906 47.6507 2.66598 126.485
148.4 11.8537 47.6729 2.65867 126.463
148.5 11.8167 47.695 2.65135 126.441
148.6 11.7798 47.717 2.64402 126.419
148.7 11.7428 47.7389 2.63668 126.397
148.8 11.7059 47.7608 2.62933 126.375
148.9 11.6689 47.7827 2.62197 126.353
149 11.6319 47.8044 2.6146 126.331
149.1 11.5949 47.8261 2.60722 126.31
149.2 11.558 47.8478 2.59983 126.288
149.3 11.521 47.8694 2.59243 126.266
149.4 11.484 47.8909 2.58502 126.245
149.5 11.447 47.9123 2.57761 126.223
149.6 11.41 47.9337 2.57018 126.202
149.7 11.3729 47.955 2.56274 126.181
149.8 11.3359 47.9763 2.55529 126.159
149.9 11.2989 47.9975 2.54784 126.138
150 11.2619 48.0186 2.54037 126.117
150.1 11.2248 48.0397 2.53289 126.096
150.2 11.1878 48.0607 2.52541 126.075
150.3 11.1508 48.0816 2.51791 126.054
150.4 11.1137 48.1025 2.51041 126.033
150.5 11.0767 48.1233 2.50289 126.012
150.6 11.0396 48.1441 2.49537 125.992
150.7 11.0025 48.1648 2.48784 125.971
150.8 10.9655 48.1854 2.48029 125.95
150.9 10.9284 48.206 2.47274 125.93
151 10.8913 48.2264 2.46518 125.909
151.1 10.8542 48.2469 2.45761 125.889
151.2 10.8171 48.2672 2.45003 125.868
151.3 10.78 48.2875 2.44244 125.848
151.4 10.7429 48.3078 2.43484 125.828
151.5 10.7058 48.3279 2.42723 125.808
151.6 10.6687 48.348 2.41962 125.788
151.7 10.6316 48.3681 2.41199 125.768
151.8 10.5945 48.3881 2.40436 125.748
151.9 10.5574 48.408 2.39671 125.728
152 10.5202 48.4278 2.38906 125.708
152.1 10.4831 48.4476 2.3814 125.688
152.2 10.446 48.4673 2.37373 125.668
152.3 10.4088 48.487 2.36605 125.649
152.4 10.3717 48.5065 2.35836 125.629
152.5 10.3345 48.5261 2.35066 125.61
152.6 10.2974 48.5455 2.34295 125.59
152.7 10.2602 48.5649 2.33523 125.571
152.8 10.223 48.5842 2.32751 125.551
152.9 10.1858 48.6035 2.31977 125.532
153 10.1487 48.6227 2.31203 125.513
153.1 10.1115 48.6418 2.30428 125.494
153.2 10.0743 48.6609 2.29652 125.475
153.3 10.0371 48.6799 2.28875 125.456
153.4 9.99991 48.6988 2.28097 125.437
153.5 9.96271 48.7177 2.27319 125.418
153.6 9.9255 48.7365 2.26539 125.399
153.7 9.88829 48.7552 2.25759 125.38
153.8 9.85108 48.7739 2.24978 125.362
153.9 9.81386 48.7925 2.24196 125.343
154 9.77664 48.811 2.23413 125.325
154.1 9.73941 48.8295 2.22629 125.306
154.2 9.70217 48.8479 2.21844 125.288
154.3 9.66494 48.8662 2.21059 125.269
154.4 9.62769 48.8845 2.20272 125.251
154.5 9.59045 48.9027 2.19485 125.233
154.6 9.5532 48.9208 2.18697 125.215
154.7 9.51594 48.9389 2.17908 125.197
154.8 9.47868 48.9569 2.17119 125.179
154.9 9.44142 48.9748 2.16328 125.161
155 9.40415 48.9927 2.15537 125.143
155.1 9.36688 49.0105 2.14745 125.125
155.2 9.3296 49.0282 2.13952 125.107
155.3 9.29232 49.0459 2.13158 125.09
155.4 9.25504 49.0635 2.12363 125.072
155.5 9.21775 49.081 2.11568 125.055
155.6 9.18045 49.0985 2.10772 125.037
155.7 9.14316 49.1159 2.09975 125.02
155.8 9.10585 49.1332 2.09177 125.002
155.9 9.06855 49.1505 2.08378 124.985
156 9.03124 49.1677 2.07579 124.968
156.1 8.99392 49.1848 2.06779 124.951
156.2 8.95661 49.2019 2.05978 124.934
156.3 8.91928 49.2189 2.05176 124.917
156.4 8.88196 49.2358 2.04373 124.9
156.5 8.84463 49.2527 2.0357 124.883
156.6 8.80729 49.2695 2.02766 124.866
156.7 8.76995 49.2862 2.01961 124.849
156.8 8.73261 49.3028 2.01155 124.833
156.9 8.69526 49.3194 2.00349 124.816
157 8.65791 49.336 1.99542 124.8
157.1 8.62056 49.3524 1.98734 124.783
157.2 8.5832 49.3688 1.97925 124.767
157.3 8.54584 49.3851 1.97115 124.751
157.4 8.50847 49.4014 1.96305 124.734
157.5 8.4711 49.4176 1.95494 124.718
157.6 8.43373 49.4337 1.94682 124.702
157.7 8.39635 49.4497 1.9387 124.686
157.8 8.35897 49.4657 1.93056 124.67
157.9 8.32159 49.4816 1.92242 124.654
158 8.2842 49.4975 1.91428 124.638
158.1 8.24681 49.5132 1.90612 124.622
158.2 8.20941 49.5289 1.89796 124.607
158.3 8.17201 49.5446 1.88979 124.591
158.4 8.13461 49.5601 1.88161 124.576
158.5 8.0972 49.5757 1.87343 124.56
158.6 8.05979 49.5911 1.86524 124.545
158.7 8.02237 49.6064 1.85704 124.529
158.8 7.98496 49.6217 1.84883 124.514
158.9 7.94753 49.637 1.84062 124.499
159.001 7.91011 49.6521 1.8324 124.484
159.101 7.87268 49.6672 1.82418 124.468
159.201 7.83525 49.6822 1.81594 124.453
159.301 7.79781 49.6972 1.8077 124.438
159.401 7.76037 49.7121 1.79945 124.424
159.501 7.72293 49.7269 1.7912 124.409
159.601 7.68549 49.7416 1.78294 124.394
159.701 7.64804 49.7563 1.77467 124.379
159.801 7.61058 49.7709 1.76639 124.365
159.901 7.57313 49.7855 1.75811 124.35
160.001 7.53567 49.7999 1.74982 124.336
160.101 7.4982 49.8143 1.74153 124.321
160.201 7.46074 49.8287 1.73323 124.307
160.301 7.42327 49.8429 1.72492 124.293
160.401 7.3858 49.8571 1.7166 124.279
160.501 7.34832 49.8712 1.70828 124.264
160.601 7.31084 49.8853 1.69995 124.25
160.701 7.27336 49.8993 1.69161 124.236
160.801 7.23587 49.9132 1.68327 124.222
160.901 7.19838 49.927 1.67492 124.209
161.001 7.16089 49.9408 1.66657 124.195
161.101 7.12339 49.9545 1.65821 124.181
161.201 7.08589 49.9681 1.64984 124.168
161.301 7.04839 49.9817 1.64147 124.154
161.401 7.01089 49.9952 1.63309 124.14
161.501 6.97338 50.0086 1.6247 124.127
161.601 6.93587 50.022 1.61631 124.114
161.701 6.89835 50.0353 1.60791 124.1
161.801 6.86084 50.0485 1.5995 124.087
161.901 6.82332 50.0616 1.59109 124.074
162.001 6.78579 50.0747 1.58267 124.061
162.101 6.74827 50.0877 1.57425 124.048
162.201 6.71074 50.1006 1.56582 124.035
162.301 6.6732 50.1135 1.55738 124.022
162.401 6.63567 50.1263 1.54894 124.009
162.501 6.59813 50.139 1.54049 123.997
162.601 6.56059 50.1517 1.53204 123.984
162.701 6.52305 50.1643 1.52358 123.971
162.801 6.4855 50.1768 1.51511 123.959
162.901 6.44795 50.1892 1.50664 123.946
163.001 6.4104 50.2016 1.49816 123.934
163.101 6.37284 50.2139 1.48968 123.922
163.201 6.33528 50.2261 1.48119 123.91
163.301 6.29772 50.2383 1.47269 123.897
163.401 6.26016 50.2504 1.46419 123.885
163.501 6.22259 50.2624 1.45569 123.873
163.601 6.18502 50.2744 1.44718 123.861
163.701 6.14745 50.2862 1.43866 123.849
163.801 6.10987 50.298 1.43013 123.838
163.901 6.0723 50.3098 1.42161 123.826
164.001 6.03472 50.3215 1.41307 123.814
164.101 5.99713 50.333 1.40453 123.803
164.201 5.95955 50.3446 1.39599 123.791
164.301 5.92196 50.356 1.38744 123.78
164.401 5.88437 50.3674 1.37888 123.768
164.501 5.84678 50.3787 1.37032 123.757
164.601 5.80918 50.39 1.36175 123.746
164.701 5.77158 50.4011 1.35318 123.735
164.801 5.73398 50.4122 1.3446 123.723
164.901 5.69638 50.4233 1.33602 123.712
165.001 5.65877 50.4342 1.32743 123.701
165.101 5.62117 50.4451 1.31884 123.691
165.201 5.58355 50.4559 1.31024 123.68
165.301 5.54594 50.4667 1.30164 123.669
165.401 5.50833 50.4773 1.29303 123.658
165.501 5.47071 50.4879 1.28442 123.648
165.601 5.43309 50.4985 1.2758 123.637
165.701 5.39546 50.5089 1.26718 123.627
165.801 5.35784 50.5193 1.25855 123.616
165.901 5.32021 50.5296 1.24992 123.606
166.001 5.28258 50.5399 1.24128 123.596
166.101 5.24495 50.5501 1.23264 123.586
166.201 5.20732 50.5602 1.22399 123.576
166.301 5.16968 50.5702 1.21534 123.565
166.401 5.13204 50.5802 1.20668 123.556
166.501 5.0944 50.59 1.19802 123.546
166.601 5.05676 50.5999 1.18935 123.536
166.701 5.01911 50.6096 1.18068 123.526
166.801 4.98146 50.6193 1.17201 123.516
166.901 4.94381 50.6289 1.16333 123.507
167.001 4.90616 50.6384 1.15464 123.497
167.101 4.86851 50.6479 1.14595 123.488
167.201 4.83085 50.6572 1.13726 123.478
167.301 4.79319 50.6666 1.12856 123.469
167.401 4.75553 50.6758 1.11986 123.46
167.501 4.71787 50.685 1.11115 123.451
167.601 4.6802 50.6941 1.10244 123.442
167.701 4.64254 50.7031 1.09373 123.433
167.801 4.60487 50.712 1.08501 123.424
167.901 4.5672 50.7209 1.07628 123.415
168.001 4.52953 50.7297 1.06756 123.406
168.101 4.49185 50.7385 1.05882 123.397
168.201 4.45417 50.7471 1.05009 123.389
168.301 4.4165 50.7557 1.04135 123.38
168.401 4.37882 50.7643 1.0326 123.371
168.501 4.34113 50.7727 1.02385 123.363
168.601 4.30345 50.7811 1.0151 123.355
168.701 4.26576 50.7894 1.00634 123.346
168.801 4.22808 50.7976 0.997584 123.338
168.901 4.19039 50.8058 0.98882 123.33
169.001 4.15269 50.8139 0.980052 123.322
169.101 4.115 50.8219 0.97128 123.314
169.201 4.07731 50.8298 0.962505 123.306
169.301 4.03961 50.8377 0.953725 123.298
169.401 4.00191 50.8455 0.944942 123.29
169.501 3.96421 50.8532 0.936155 123.282
169.601 3.92651 50.8609 0.927365 123.275
169.701 3.88881 50.8685 0.91857 123.267
169.801 3.8511 50.876 0.909773 123.26
169.901 3.81339 50.8834 0.900971 123.252
170.001 3.77568 50.8908 0.892167 123.245
170.101 3.73797 50.8981 0.883358 123.238
170.201 3.70026 50.9053 0.874546 123.23
170.301 3.66255 50.9124 0.865731 123.223
170.401 3.62483 50.9195 0.856913 123.216
170.501 3.58712 50.9265 0.848091 123.209
170.601 3.5494 50.9334 0.839266 123.202
170.701 3.51168 50.9403 0.830437 123.195
170.801 3.47396 50.9471 0.821605 123.189
170.901 3.43623 50.9538 0.81277 123.182
171.001 3.39851 50.9604 0.803932 123.175
171.101 3.36078 50.967 0.795091 123.169
171.201 3.32306 50.9735 0.786247 123.162
171.301 3.28533 50.9799 0.777399 123.156
171.401 3.2476 50.9862 0.768549 123.149
171.501 3.20987 50.9925 0.759695 123.143
171.601 3.17213 50.9987 0.750839 123.137
171.701 3.1344 51.0048 0.741979 123.131
171.801 3.09667 51.0109 0.733117 123.125
171.901 3.05893 51.0169 0.724252 123.119
172.001 3.02119 51.0228 0.715384 123.113
172.101 2.98345 51.0286 0.706513 123.107
172.201 2.94571 51.0344 0.697639 123.101
172.301 2.90797 51.0401 0.688763 123.096
172.401 2.87022 51.0457 0.679884 123.09
172.501 2.83248 51.0512 0.671002 123.084
172.601 2.79473 51.0567 0.662118 123.079
172.701 2.75699 51.0621 0.653231 123.074
172.801 2.71924 51.0674 0.644342 123.068
172.901 2.68149 51.0727 0.63545 123.063
173.001 2.64374 51.0779 0.626555 123.058
173.101 2.60599 51.083 0.617658 123.053
173.201 2.56824 51.088 0.608759 123.048
173.301 2.53048 51.093 0.599857 123.043
173.401 2.49273 51.0978 0.590953 123.038
173.501 2.45497 51.1027 0.582047 123.033
173.601 2.41721 51.1074 0.573138 123.028
173.701 2.37946 51.1121 0.564227 123.024
173.801 2.3417 51.1167 0.555314 123.019
173.901 2.30394 51.1212 0.546399 123.014
174.001 2.26618 51.1256 0.537481 123.01
174.101 2.22841 51.13 0.528562 123.006
174.201 2.19065 51.1343 0.51964 123.001
174.301 2.15289 51.1385 0.510716 122.997
174.401 2.11512 51.1427 0.501791 122.993
174.501 2.07736 51.1468 0.492863 122.989
174.601 2.03959 51.1508 0.483933 122.985
174.701 2.00182 51.1547 0.475002 122.981
174.801 1.96406 51.1586 0.466069 122.977
174.901 1.92629 51.1623 0.457134 122.973
175.001 1.88852 51.1661 0.448197 122.97
175.101 1.85075 51.1697 0.439258 122.966
175.201 1.81297 51.1733 0.430317 122.962
175.301 1.7752 51.1768 0.421375 122.959
175.402 1.73743 51.1802 0.412432 122.955
175.502 1.69965 51.1835 0.403486 122.952
175.602 1.66188 51.1868 0.394539 122.949
175.702 1.6241 51.19 0.385591 122.946
175.802 1.58633 51.1931 0.376641 122.943
175.902 1.54855 51.1962 0.367689 122.939
176.002 1.51077 51.1992 0.358736 122.937
176.102 1.473 51.2021 0.349782 122.934
176.202 1.43522 51.2049 0.340826 122.931
176.302 1.39744 51.2077 0.331869 122.928
176.402 1.35966 51.2103 0.322911 122.925
176.502 1.32188 51.213 0.313951 122.923
176.602 1.2841 51.2155 0.30499 122.92
176.702 1.24632 51.218 0.296028 122.918
176.802 1.20853 51.2203 0.287065 122.915
176.902 1.17075 51.2227 0.278101 122.913
177.002 1.13297 51.2249 0.269135 122.911
177.102 1.09519 51.2271 0.260169 122.909
177.202 1.0574 51.2292 0.251201 122.906
177.302 1.01962 51.2312 0.242233 122.904
177.402 0.981832 51.2332 0.233263 122.903
177.502 0.944047 51.235 0.224293 122.901
177.602 0.906261 51.2368 0.215322 122.899
177.702 0.868475 51.2386 0.20635 122.897
177.802 0.830689 51.2402 0.197377 122.895
177.902 0.792902 51.2418 0.188403 122.894
178.002 0.755115 51.2433 0.179429 122.892
178.102 0.717327 51.2447 0.170454 122.891
178.202 0.679539 51.2461 0.161478 122.89
178.302 0.641751 51.2474 0.152502 122.888
178.402 0.603963 51.2486 0.143524 122.887
178.502 0.566174 51.2497 0.134547 122.886
178.602 0.528386 51.2508 0.125569 122.885
178.702 0.490597 51.2518 0.11659 122.884
178.802 0.452807 51.2527 0.107611 122.883
178.902 0.415018 51.2536 0.0986317 122.882
179.002 0.377228 51.2543 0.0896518 122.881
179.102 0.339438 51.255 0.0806716 122.881
179.202 0.301648 51.2557 0.0716911 122.88
179.302 0.263858 51.2562 0.0627103 122.879
179.402 0.226068 51.2567 0.0537292 122.879
179.502 0.188278 51.2571 0.044748 122.879
179.602 0.150487 51.2574 0.0357665 122.878
179.702 0.112697 51.2577 0.0267849 122.878
179.802 0.0749065 51.2579 0.0178032 122.878
179.902 0.037116 51.258 0.00882147 122.878
